09057  VKAZOLLA       0010000  0001000  00500000  00050000
09706  KWBAYCEDAR     0020000  0002000  00600000  00060000
10058  GZBEETLE       0030000  0003000  00200000  00020000
12155  PMBLUESTAR     0040000  0004000  00700000  00070000
13546  EWCHARA        0050000  0005000  00300000  00030000
14626  EMCOWSLIP      0010000  0001000  00500000  00050000
23385  GTELDER        0020000  0002000  00600000  00060000
24394  DCFIELDCRESS   0030000  0003000  00200000  00020000
25298  SNFOXGLOVE     0040000  0004000  00700000  00070000
27874  RKGALLWIN      0050000  0005000  00300000  00030000
29534  LPGILEDGE      0010000  0001000  00500000  00050000
30167  GPGOLDBEARD    0020000  0002000  00600000  00060000
30702  XBHAWTHORN     0030000  0003000  00200000  00020000
32119  TRHOLLEY       0040000  0004000  00700000  00070000
33233  KLKASUMI       0050000  0005000  00300000  00030000
33364  HRKOUSA        0010000  0001000  00500000  00050000
34328  FJLAUREL       0020000  0002000  00600000  00060000
36583  FSLOOPER       0030000  0003000  00200000  00020000
38287  MWMIYAMA       0040000  0004000  00700000  00070000
40893  GKMOMI         0050000  0005000  00300000  00030000
43227  MBMULLEIN      0010000  0001000  00500000  00050000
44782  HCNINGALA      0020000  0002000  00600000  00060000
49499  PNOROBUS       0030000  0003000  00200000  00020000
56556  WPPINEMAT      0040000  0004000  00700000  00070000
57196  GKPINYON       0050000  0005000  00300000  00030000
59876  NLREDBEAD      0010000  0001000  00500000  00050000
62168  SVREDSPUR      0020000  0002000  00600000  00060000
63529  FWRUSH         0030000  0003000  00200000  00020000
64404  NWSALAL        0040000  0004000  00700000  00070000
65069  PRSANDREED     0050000  0005000  00300000  00030000
66226  SLSEAKALE      0010000  0001000  00500000  00050000
73519  HZSOTOL        0020000  0002000  00600000  00060000
76955  EASPURGALL     0030000  0003000  00200000  00020000
78135  EWSUMAC        0040000  0004000  00700000  00070000
80624  DWTAMARACK     0050000  0005000  00300000  00030000
83602  KWTARBUSH      0010000  0001000  00500000  00050000
84678  EBTHORNAPPLE   0020000  0002000  00600000  00060000
86556  GXTORINGO      0030000  0003000  00200000  00020000
87154  SLTUPELO       0040000  0004000  00700000  00070000
91038  TMWHITEBUSH    0050000  0005000  00300000  00030000
94225  ECWHITEFLY     0010000  0001000  00500000  00050000
95737  RRWHITEBUD     0020000  0002000  00600000  00060000
98328  FMWILLOW       0030000  0003000  00200000  00020000
99262  NPWINGSTIM     0040000  0004000  00700000  00070000
